-0.4    -2.19611    -9.04019   
-0.398434    -1.95717    -8.55759   
-0.396869    -1.73341    -8.10051   
-0.395303    -1.52372    -7.66745   
-0.393738    -1.32704    -7.25697   
-0.392172    -1.14237    -6.86771   
-0.390607    -0.968744    -6.49834   
-0.389041    -0.805227    -6.14758   
-0.387476    -0.650944    -5.81424   
-0.38591    -0.505054    -5.49713   
-0.384344    -0.366758    -5.19516   
-0.382779    -0.235294    -4.90724   
-0.381213    -0.10994    -4.63237   
-0.379648    0.00999121    -4.36956   
-0.378082    0.125149    -4.1179   
-0.376517    0.23615    -3.87649   
-0.374951    0.343573    -3.64449   
-0.373386    0.447969    -3.42111   
-0.37182    0.549853    -3.20559   
-0.370254    0.64971    -2.99719   
-0.368689    0.747996    -2.79524   
-0.367123    0.845136    -2.59909   
-0.365558    0.941528    -2.40812   
-0.363992    1.03754    -2.22177   
-0.362427    1.13352    -2.0395   
-0.360861    1.22978    -1.86078   
-0.359295    1.32661    -1.68514   
-0.35773    1.42429    -1.51214   
-0.356164    1.52306    -1.34136   
-0.354599    1.62313    -1.1724   
-0.353033    1.72471    -1.00492   
-0.351468    1.82799    -0.838569   
-0.349902    1.93311    -0.673047   
-0.348337    2.04022    -0.50807   
-0.346771    2.14943    -0.343381   
-0.345205    2.26086    -0.178747   
-0.34364    2.37458    -0.0139555   
-0.342074    2.49066    0.151182   
-0.340509    2.60915    0.316834   
-0.338943    2.7301    0.483149   
-0.337378    2.85351    0.650253   
-0.335812    2.97941    0.818256   
-0.334247    3.10777    0.98725   
-0.332681    3.23858    1.15731   
-0.331115    3.37182    1.32849   
-0.32955    3.50742    1.50082   
-0.327984    3.64535    1.67435   
-0.326419    3.78552    1.84907   
-0.324853    3.92787    2.02499   
-0.323288    4.07231    2.20209   
-0.321722    4.21874    2.38033   
-0.320157    4.36706    2.55968   
-0.318591    4.51715    2.74009   
-0.317025    4.6689    2.92148   
-0.31546    4.82217    3.10378   
-0.313894    4.97684    3.28692   
-0.312329    5.13275    3.47079   
-0.310763    5.28977    3.6553   
-0.309198    5.44774    3.84033   
-0.307632    5.6065    4.02576   
-0.306067    5.76589    4.21147   
-0.304501    5.92574    4.39732   
-0.302935    6.08589    4.58318   
-0.30137    6.24616    4.7689   
-0.299804    6.40637    4.95433   
-0.298239    6.56633    5.13932   
-0.296673    6.72588    5.3237   
-0.295108    6.88482    5.50731   
-0.293542    7.04297    5.68999   
-0.291977    7.20013    5.87156   
-0.290411    7.35613    6.05185   
-0.288845    7.51076    6.23068   
-0.28728    7.66385    6.40788   
-0.285714    7.81519    6.58326   
-0.284149    7.96459    6.75664   
-0.282583    8.11187    6.92784   
-0.281018    8.25684    7.09668   
-0.279452    8.3993    7.26296   
-0.277886    8.53907    7.42651   
-0.276321    8.67596    7.58714   
-0.274755    8.80978    7.74466   
-0.27319    8.94035    7.8989   
-0.271624    9.06749    8.04966   
-0.270059    9.19101    8.19677   
-0.268493    9.31074    8.34005   
-0.266928    9.42651    8.47932   
-0.265362    9.53814    8.6144   
-0.263796    9.64545    8.74511   
-0.262231    9.7483    8.87129   
-0.260665    9.8465    8.99277   
-0.2591    9.9399    9.10937   
-0.257534    10.0283    9.22093   
-0.255969    10.1117    9.3273   
-0.254403    10.1897    9.42831   
-0.252838    10.2624    9.5238   
-0.251272    10.3295    9.61364   
-0.249706    10.391    9.69766   
-0.248141    10.4466    9.77574   
-0.246575    10.4963    9.84772   
-0.24501    10.5398    9.91348   
-0.243444    10.5773    9.97288   
-0.241879    10.6083    10.0258   
-0.240313    10.633    10.0721   
-0.238748    10.6512    10.1117   
-0.237182    10.6627    10.1444   
-0.235616    10.6675    10.1702   
-0.234051    10.6655    10.189   
-0.232485    10.6566    10.2006   
-0.23092    10.6407    10.205   
-0.229354    10.6178    10.2021   
-0.227789    10.5877    10.1917   
-0.226223    10.5504    10.1739   
-0.224658    10.5059    10.1485   
-0.223092    10.4541    10.1155   
-0.221526    10.3949    10.0748   
-0.219961    10.3283    10.0264   
-0.218395    10.2543    9.97018   
-0.21683    10.1728    9.90613   
-0.215264    10.0837    9.83421   
-0.213699    9.98719    9.75438   
-0.212133    9.88309    9.66662   
-0.210568    9.77144    9.5709   
-0.209002    9.65221    9.46721   
-0.207436    9.52541    9.35554   
-0.205871    9.39104    9.23587   
-0.204305    9.24911    9.10821   
-0.20274    9.09964    8.97257   
-0.201174    8.94264    8.82895   
-0.199609    8.77813    8.67736   
-0.198043    8.60614    8.51785   
-0.196477    8.42671    8.35041   
-0.194912    8.23988    8.1751   
-0.193346    8.04569    7.99195   
-0.191781    7.84419    7.801   
-0.190215    7.63543    7.6023   
-0.18865    7.41947    7.3959   
-0.187084    7.19637    7.18186   
-0.185519    6.96621    6.96025   
-0.183953    6.72905    6.73113   
-0.182387    6.48497    6.49458   
-0.180822    6.23406    6.25067   
-0.179256    5.97639    5.9995   
-0.177691    5.71207    5.74114   
-0.176125    5.44118    5.47569   
-0.17456    5.16382    5.20325   
-0.172994    4.88011    4.92392   
-0.171429    4.59013    4.6378   
-0.169863    4.29402    4.34502   
-0.168297    3.99187    4.04567   
-0.166732    3.68382    3.7399   
-0.165166    3.36998    3.4278   
-0.163601    3.05048    3.10952   
-0.162035    2.72546    2.78519   
-0.16047    2.39504    2.45494   
-0.158904    2.05936    2.11892   
-0.157339    1.71856    1.77725   
-0.155773    1.37279    1.4301   
-0.154207    1.02219    1.07761   
-0.152642    0.666915    0.719942   
-0.151076    0.307116    0.357243   
-0.149511    -0.0570514    -0.0103238   
-0.147945    -0.425429    -0.382594   
-0.14638    -0.797856    -0.759401   
-0.144814    -1.17417    -1.14058   
-0.143249    -1.5542    -1.52595   
-0.141683    -1.93778    -1.91534   
-0.140117    -2.32475    -2.30858   
-0.138552    -2.71492    -2.70548   
-0.136986    -3.10812    -3.10587   
-0.135421    -3.50418    -3.50955   
-0.133855    -3.90292    -3.91635   
-0.13229    -4.30415    -4.32607   
-0.130724    -4.7077    -4.73852   
-0.129159    -5.11339    -5.15352   
-0.127593    -5.52102    -5.57087   
-0.126027    -5.93041    -5.99037   
-0.124462    -6.34137    -6.41182   
-0.122896    -6.75373    -6.83504   
-0.121331    -7.16728    -7.25981   
-0.119765    -7.58183    -7.68595   
-0.1182    -7.9972    -8.11324   
-0.116634    -8.4132    -8.54149   
-0.115068    -8.82963    -8.97049   
-0.113503    -9.24629    -9.40005   
-0.111937    -9.66301    -9.82995   
-0.110372    -10.0796    -10.26   
-0.108806    -10.4958    -10.69   
-0.107241    -10.9115    -11.1197   
-0.105675    -11.3265    -11.5489   
-0.10411    -11.7405    -11.9775   
-0.102544    -12.1535    -12.4052   
-0.100978    -12.5651    -12.8318   
-0.0994129    -12.9752    -13.2571   
-0.0978474    -13.3837    -13.681   
-0.0962818    -13.7902    -14.1031   
-0.0947162    -14.1947    -14.5233   
-0.0931507    -14.597    -14.9415   
-0.0915851    -14.9968    -15.3573   
-0.0900196    -15.394    -15.7706   
-0.088454    -15.7883    -16.1813   
-0.0868885    -16.1797    -16.589   
-0.0853229    -16.5679    -16.9937   
-0.0837573    -16.9527    -17.3951   
-0.0821918    -17.3339    -17.793   
-0.0806262    -17.7114    -18.1873   
-0.0790607    -18.0851    -18.5777   
-0.0774951    -18.4546    -18.964   
-0.0759295    -18.82    -19.3462   
-0.074364    -19.1808    -19.7239   
-0.0727984    -19.5371    -20.097   
-0.0712329    -19.8887    -20.4654   
-0.0696673    -20.2353    -20.8288   
-0.0681018    -20.5769    -21.1871   
-0.0665362    -20.9132    -21.5401   
-0.0649706    -21.2441    -21.8877   
-0.0634051    -21.5695    -22.2296   
-0.0618395    -21.8891    -22.5657   
-0.060274    -22.2029    -22.8959   
-0.0587084    -22.5107    -23.22   
-0.0571429    -22.8124    -23.5378   
-0.0555773    -23.1078    -23.8492   
-0.0540117    -23.3967    -24.1541   
-0.0524462    -23.6791    -24.4522   
-0.0508806    -23.9548    -24.7435   
-0.0493151    -24.2237    -25.0278   
-0.0477495    -24.4857    -25.305   
-0.046184    -24.7406    -25.5749   
-0.0446184    -24.9883    -25.8375   
-0.0430528    -25.2287    -26.0925   
-0.0414873    -25.4617    -26.3399   
-0.0399217    -25.6872    -26.5796   
-0.0383562    -25.9051    -26.8114   
-0.0367906    -26.1153    -27.0353   
-0.035225    -26.3176    -27.251   
-0.0336595    -26.5121    -27.4586   
-0.0320939    -26.6985    -27.6579   
-0.0305284    -26.8769    -27.8489   
-0.0289628    -27.0471    -28.0314   
-0.0273973    -27.209    -28.2054   
-0.0258317    -27.3626    -28.3707   
-0.0242661    -27.5079    -28.5274   
-0.0227006    -27.6447    -28.6753   
-0.021135    -27.773    -28.8143   
-0.0195695    -27.8927    -28.9445   
-0.0180039    -28.0038    -29.0656   
-0.0164384    -28.1062    -29.1778   
-0.0148728    -28.1999    -29.2809   
-0.0133072    -28.2848    -29.3749   
-0.0117417    -28.3609    -29.4598   
-0.0101761    -28.4282    -29.5354   
-0.00861057    -28.4867    -29.6018   
-0.00704501    -28.5362    -29.659   
-0.00547945    -28.5769    -29.7069   
-0.00391389    -28.6086    -29.7455   
-0.00234834    -28.6314    -29.7748   
-0.000782779    -28.6453    -29.7948   
0.000782779    -28.6502    -29.8055   
0.00234834    -28.6462    -29.8068   
0.00391389    -28.6332    -29.7989   
0.00547945    -28.6114    -29.7816   
0.00704501    -28.5806    -29.755   
0.00861057    -28.5409    -29.7191   
0.0101761    -28.4924    -29.674   
0.0117417    -28.435    -29.6196   
0.0133072    -28.3688    -29.556   
0.0148728    -28.2938    -29.4833   
0.0164384    -28.2101    -29.4015   
0.0180039    -28.1177    -29.3105   
0.0195695    -28.0167    -29.2105   
0.021135    -27.907    -29.1016   
0.0227006    -27.7889    -28.9837   
0.0242661    -27.6622    -28.857   
0.0258317    -27.5272    -28.7215   
0.0273973    -27.3838    -28.5772   
0.0289628    -27.2321    -28.4243   
0.0305284    -27.0722    -28.2629   
0.0320939    -26.9043    -28.093   
0.0336595    -26.7283    -27.9146   
0.035225    -26.5443    -27.728   
0.0367906    -26.3525    -27.5331   
0.0383562    -26.153    -27.3302   
0.0399217    -25.9458    -27.1192   
0.0414873    -25.731    -26.9004   
0.0430528    -25.5088    -26.6737   
0.0446184    -25.2793    -26.4394   
0.046184    -25.0425    -26.1976   
0.0477495    -24.7987    -25.9483   
0.0493151    -24.5479    -25.6917   
0.0508806    -24.2902    -25.4279   
0.0524462    -24.0258    -25.1571   
0.0540117    -23.7548    -24.8794   
0.0555773    -23.4773    -24.595   
0.0571429    -23.1935    -24.3039   
0.0587084    -22.9035    -24.0064   
0.060274    -22.6075    -23.7025   
0.0618395    -22.3055    -23.3925   
0.0634051    -21.9978    -23.0765   
0.0649706    -21.6846    -22.7546   
0.0665362    -21.3659    -22.427   
0.0681018    -21.0419    -22.0939   
0.0696673    -20.7127    -21.7555   
0.0712329    -20.3786    -21.4118   
0.0727984    -20.0398    -21.0632   
0.074364    -19.6962    -20.7097   
0.0759295    -19.3483    -20.3515   
0.0774951    -18.996    -19.9889   
0.0790607    -18.6396    -19.622   
0.0806262    -18.2793    -19.2509   
0.0821918    -17.9152    -18.8759   
0.0837573    -17.5475    -18.4972   
0.0853229    -17.1764    -18.1149   
0.0868885    -16.8022    -17.7293   
0.088454    -16.4248    -17.3405   
0.0900196    -16.0446    -16.9487   
0.0915851    -15.6618    -16.5541   
0.0931507    -15.2765    -16.1569   
0.0947162    -14.8888    -15.7574   
0.0962818    -14.4991    -15.3556   
0.0978474    -14.1075    -14.9519   
0.0994129    -13.7142    -14.5464   
0.100978    -13.3194    -14.1393   
0.102544    -12.9232    -13.7308   
0.10411    -12.5259    -13.3211   
0.105675    -12.1277    -12.9104   
0.107241    -11.7287    -12.499   
0.108806    -11.3292    -12.087   
0.110372    -10.9293    -11.6746   
0.111937    -10.5293    -11.262   
0.113503    -10.1294    -10.8495   
0.115068    -9.72962    -10.4372   
0.116634    -9.33032    -10.0254   
0.1182    -8.93166    -9.61417   
0.119765    -8.53382    -9.2038   
0.121331    -8.13699    -8.79448   
0.122896    -7.74139    -8.3864   
0.124462    -7.34718    -7.97976   
0.126027    -6.95458    -7.57475   
0.127593    -6.56376    -7.17159   
0.129159    -6.17492    -6.77045   
0.130724    -5.78824    -6.37153   
0.13229    -5.40393    -5.97503   
0.133855    -5.02215    -5.58114   
0.135421    -4.6431    -5.19003   
0.136986    -4.26695    -4.80191   
0.138552    -3.89389    -4.41696   
0.140117    -3.52411    -4.03535   
0.141683    -3.15776    -3.65727   
0.143249    -2.79504    -3.2829   
0.144814    -2.43611    -2.91241   
0.14638    -2.08115    -2.54598   
0.147945    -1.73032    -2.18377   
0.149511    -1.3838    -1.82595   
0.151076    -1.04173    -1.4727   
0.152642    -0.704296    -1.12416   
0.154207    -0.371641    -0.780501   
0.155773    -0.0439253    -0.441877   
0.157339    0.278699    -0.108439   
0.158904    0.596082    0.219664   
0.16047    0.908078    0.542287   
0.162035    1.21454    0.859287   
0.163601    1.51534    1.17053   
0.165166    1.81033    1.47587   
0.166732    2.09938    1.77519   
0.168297    2.38235    2.06836   
0.169863    2.65914    2.35526   
0.171429    2.92961    2.63577   
0.172994    3.19364    2.90977   
0.17456    3.45113    3.17715   
0.176125    3.70195    3.43782   
0.177691    3.94601    3.69166   
0.179256    4.18321    3.93859   
0.180822    4.41344    4.17851   
0.182387    4.63661    4.41133   
0.183953    4.85263    4.63698   
0.185519    5.06143    4.85538   
0.187084    5.26291    5.06644   
0.18865    5.45701    5.27012   
0.190215    5.64366    5.46634   
0.191781    5.82278    5.65505   
0.193346    5.99431    5.83619   
0.194912    6.15821    6.00972   
0.196477    6.31442    6.1756   
0.198043    6.46288    6.3338   
0.199609    6.60357    6.48427   
0.201174    6.73645    6.627   
0.20274    6.86147    6.76196   
0.204305    6.97863    6.88915   
0.205871    7.08789    7.00855   
0.207436    7.18924    7.12016   
0.209002    7.28267    7.22397   
0.210568    7.36817    7.32001   
0.212133    7.44574    7.40828   
0.213699    7.5154    7.48879   
0.215264    7.57714    7.56158   
0.21683    7.63099    7.62668   
0.218395    7.67696    7.68411   
0.219961    7.71508    7.73392   
0.221526    7.74539    7.77616   
0.223092    7.76792    7.81088   
0.224658    7.7827    7.83812   
0.226223    7.7898    7.85797   
0.227789    7.78926    7.87048   
0.229354    7.78114    7.87573   
0.23092    7.7655    7.8738   
0.232485    7.74241    7.86477   
0.234051    7.71195    7.84872   
0.235616    7.67419    7.82577   
0.237182    7.62922    7.79599   
0.238748    7.57712    7.7595   
0.240313    7.51799    7.71641   
0.241879    7.45193    7.66684   
0.243444    7.37904    7.61089   
0.24501    7.29943    7.54869   
0.246575    7.21321    7.48037   
0.248141    7.1205    7.40607   
0.249706    7.02142    7.32592   
0.251272    6.91609    7.24006   
0.252838    6.80466    7.14863   
0.254403    6.68725    7.05179   
0.255969    6.564    6.94969   
0.257534    6.43505    6.84247   
0.2591    6.30056    6.73031   
0.260665    6.16067    6.61337   
0.262231    6.01554    6.4918   
0.263796    5.86532    6.36578   
0.265362    5.71017    6.23549   
0.266928    5.55027    6.10109   
0.268493    5.38578    5.96276   
0.270059    5.21686    5.82068   
0.271624    5.04369    5.67502   
0.27319    4.86644    5.52599   
0.274755    4.6853    5.37374   
0.276321    4.50045    5.21847   
0.277886    4.31205    5.06037   
0.279452    4.12031    4.89962   
0.281018    3.92539    4.73641   
0.282583    3.7275    4.57092   
0.284149    3.5268    4.40333   
0.285714    3.32351    4.23385   
0.28728    3.11779    4.06264   
0.288845    2.90984    3.88989   
0.290411    2.69985    3.71579   
0.291977    2.488    3.54052   
0.293542    2.27449    3.36425   
0.295108    2.0595    3.18715   
0.296673    1.84321    3.00941   
0.298239    1.62582    2.83119   
0.299804    1.40749    2.65265   
0.30137    1.18842    2.47396   
0.302935    0.968777    2.29527   
0.304501    0.748737    2.11674   
0.306067    0.528473    1.93851   
0.307632    0.308153    1.76073   
0.309198    0.0879401    1.58352   
0.310763    -0.132005    1.40702   
0.312329    -0.351527    1.23134   
0.313894    -0.570477    1.05659   
0.31546    -0.788709    0.88289   
0.317025    -1.00609    0.710325   
0.318591    -1.22248    0.538983   
0.320157    -1.43775    0.368939   
0.321722    -1.6518    0.20026   
0.323288    -1.8645    0.0329999   
0.324853    -2.07576    -0.132797   
0.326419    -2.28549    -0.297101   
0.327984    -2.49359    -0.459893   
0.32955    -2.7    -0.621168   
0.331115    -2.90466    -0.780936   
0.332681    -3.1075    -0.939221   
0.334247    -3.30848    -1.09606   
0.335812    -3.50759    -1.25151   
0.337378    -3.70479    -1.40565   
0.338943    -3.90009    -1.55855   
0.340509    -4.0935    -1.71034   
0.342074    -4.28503    -1.86114   
0.34364    -4.47474    -2.01108   
0.345205    -4.66266    -2.16035   
0.346771    -4.84887    -2.30912   
0.348337    -5.03347    -2.45761   
0.349902    -5.21655    -2.60605   
0.351468    -5.39823    -2.7547   
0.353033    -5.57867    -2.90383   
0.354599    -5.75802    -3.05375   
0.356164    -5.93645    -3.2048   
0.35773    -6.11419    -3.35733   
0.359295    -6.29144    -3.51173   
0.360861    -6.46846    -3.66841   
0.362427    -6.64552    -3.82783   
0.363992    -6.82292    -3.99045   
0.365558    -7.00096    -4.15679   
0.367123    -7.18001    -4.32739   
0.368689    -7.36043    -4.50282   
0.370254    -7.54262    -4.68369   
0.37182    -7.72701    -4.87065   
0.373386    -7.91406    -5.06438   
0.374951    -8.10425    -5.26559   
0.376517    -8.29811    -5.47506   
0.378082    -8.49619    -5.69357   
0.379648    -8.69907    -5.92197   
0.381213    -8.90736    -6.16114   
0.382779    -9.12172    -6.41201   
0.384344    -9.34285    -6.67555   
0.38591    -9.57146    -6.95278   
0.387476    -9.80832    -7.24476   
0.389041    -10.0542    -7.5526   
0.390607    -10.31    -7.87748   
0.392172    -10.5766    -8.22059   
0.393738    -10.8549    -8.58321   
0.395303    -11.1459    -8.96666   
0.396869    -11.4505    -9.37231   
0.398434    -11.7699    -9.8016   
0.4    -12.1051    -10.256   
