-0.75    -0.628712    -22.5706   
-0.747065    -1.4858    -21.7547   
-0.744129    -2.29214    -20.9598   
-0.741194    -3.04944    -20.1854   
-0.738258    -3.75934    -19.4309   
-0.735323    -4.42347    -18.696   
-0.732387    -5.0434    -17.9801   
-0.729452    -5.62068    -17.2828   
-0.726517    -6.15681    -16.6036   
-0.723581    -6.65326    -15.9421   
-0.720646    -7.11146    -15.2979   
-0.71771    -7.53283    -14.6705   
-0.714775    -7.91871    -14.0595   
-0.71184    -8.27045    -13.4646   
-0.708904    -8.58934    -12.8854   
-0.705969    -8.87665    -12.3215   
-0.703033    -9.13361    -11.7725   
-0.700098    -9.36144    -11.238   
-0.697162    -9.5613    -10.7178   
-0.694227    -9.73434    -10.2115   
-0.691292    -9.88167    -9.71872   
-0.688356    -10.0044    -9.23919   
-0.685421    -10.1035    -8.77259   
-0.682485    -10.1801    -8.31861   
-0.67955    -10.2352    -7.87696   
-0.676614    -10.2697    -7.44736   
-0.673679    -10.2847    -7.02952   
-0.670744    -10.2809    -6.62317   
-0.667808    -10.2593    -6.22804   
-0.664873    -10.2209    -5.84389   
-0.661937    -10.1663    -5.47046   
-0.659002    -10.0965    -5.1075   
-0.656067    -10.0123    -4.75478   
-0.653131    -9.91445    -4.41207   
-0.650196    -9.80367    -4.07915   
-0.64726    -9.68072    -3.7558   
-0.644325    -9.54631    -3.4418   
-0.641389    -9.40113    -3.13695   
-0.638454    -9.24586    -2.84105   
-0.635519    -9.08114    -2.55391   
-0.632583    -8.90761    -2.27534   
-0.629648    -8.72587    -2.00515   
-0.626712    -8.53651    -1.74316   
-0.623777    -8.34012    -1.48921   
-0.620841    -8.13724    -1.24312   
-0.617906    -7.9284    -1.00473   
-0.614971    -7.71414    -0.773887   
-0.612035    -7.49495    -0.550426   
-0.6091    -7.27132    -0.334201   
-0.606164    -7.04371    -0.125067   
-0.603229    -6.81258    0.0771181   
-0.600294    -6.57836    0.272492   
-0.597358    -6.34148    0.461189   
-0.594423    -6.10234    0.643338   
-0.591487    -5.86134    0.819067   
-0.588552    -5.61884    0.988496   
-0.585616    -5.37523    1.15175   
-0.582681    -5.13083    1.30893   
-0.579746    -4.886    1.46017   
-0.57681    -4.64105    1.60556   
-0.573875    -4.39629    1.74522   
-0.570939    -4.15203    1.87925   
-0.568004    -3.90854    2.00775   
-0.565068    -3.6661    2.13081   
-0.562133    -3.42498    2.24853   
-0.559198    -3.18542    2.36101   
-0.556262    -2.94766    2.46833   
-0.553327    -2.71194    2.57059   
-0.550391    -2.47847    2.66786   
-0.547456    -2.24745    2.76022   
-0.544521    -2.01909    2.84777   
-0.541585    -1.79358    2.93058   
-0.53865    -1.57109    3.00872   
-0.535714    -1.35179    3.08228   
-0.532779    -1.13585    3.15131   
-0.529843    -0.923409    3.2159   
-0.526908    -0.71462    3.27611   
-0.523973    -0.509615    3.33201   
-0.521037    -0.308521    3.38367   
-0.518102    -0.111456    3.43115   
-0.515166    0.0814672    3.47451   
-0.512231    0.270146    3.51382   
-0.509295    0.454483    3.54913   
-0.50636    0.634389    3.58051   
-0.503425    0.809781    3.60801   
-0.500489    0.980582    3.63168   
-0.497554    1.14672    3.65159   
-0.494618    1.30814    3.66779   
-0.491683    1.46478    3.68033   
-0.488748    1.61658    3.68926   
-0.485812    1.76351    3.69464   
-0.482877    1.90551    3.69651   
-0.479941    2.04256    3.69492   
-0.477006    2.17463    3.68993   
-0.47407    2.30169    3.68158   
-0.471135    2.42372    3.66992   
-0.4682    2.54071    3.65499   
-0.465264    2.65263    3.63685   
-0.462329    2.7595    3.61553   
-0.459393    2.86131    3.59109   
-0.456458    2.95805    3.56356   
-0.453523    3.04973    3.53299   
-0.450587    3.13637    3.49943   
-0.447652    3.21798    3.46291   
-0.444716    3.29456    3.42348   
-0.441781    3.36616    3.38119   
-0.438845    3.43277    3.33607   
-0.43591    3.49444    3.28816   
-0.432975    3.5512    3.23751   
-0.430039    3.60307    3.18417   
-0.427104    3.65009    3.12816   
-0.424168    3.69229    3.06953   
-0.421233    3.72973    3.00832   
-0.418297    3.76244    2.94458   
-0.415362    3.79047    2.87833   
-0.412427    3.81386    2.80963   
-0.409491    3.83266    2.73851   
-0.406556    3.84693    2.66502   
-0.40362    3.85672    2.58919   
-0.400685    3.86209    2.51106   
-0.39775    3.86308    2.43067   
-0.394814    3.85977    2.34807   
-0.391879    3.85221    2.26329   
-0.388943    3.84046    2.17637   
-0.386008    3.82459    2.08735   
-0.383072    3.80466    1.99628   
-0.380137    3.78073    1.90319   
-0.377202    3.75288    1.80813   
-0.374266    3.72117    1.71113   
-0.371331    3.68567    1.61223   
-0.368395    3.64645    1.51148   
-0.36546    3.60359    1.40891   
-0.362524    3.55714    1.30457   
-0.359589    3.50719    1.19849   
-0.356654    3.45382    1.09073   
-0.353718    3.39708    0.981305   
-0.350783    3.33706    0.870275   
-0.347847    3.27383    0.757675   
-0.344912    3.20747    0.643548   
-0.341977    3.13805    0.527933   
-0.339041    3.06565    0.410874   
-0.336106    2.99034    0.292412   
-0.33317    2.91221    0.172588   
-0.330235    2.83132    0.0514456   
-0.327299    2.74776    -0.0709744   
-0.324364    2.6616    -0.194629   
-0.321429    2.57291    -0.319477   
-0.318493    2.48179    -0.445474   
-0.315558    2.38829    -0.572578   
-0.312622    2.2925    -0.700748   
-0.309687    2.1945    -0.829938   
-0.306751    2.09436    -0.960108   
-0.303816    1.99217    -1.09121   
-0.300881    1.88798    -1.22321   
-0.297945    1.78189    -1.35606   
-0.29501    1.67396    -1.48971   
-0.292074    1.56427    -1.62412   
-0.289139    1.4529    -1.75926   
-0.286204    1.33993    -1.89506   
-0.283268    1.22541    -2.0315   
-0.280333    1.10944    -2.16853   
-0.277397    0.992085    -2.3061   
-0.274462    0.873412    -2.44417   
-0.271526    0.753498    -2.58269   
-0.268591    0.632414    -2.72163   
-0.265656    0.510233    -2.86093   
-0.26272    0.387024    -3.00056   
-0.259785    0.262858    -3.14047   
-0.256849    0.137805    -3.28061   
-0.253914    0.0119343    -3.42094   
-0.250978    -0.114686    -3.56143   
-0.248043    -0.241988    -3.70201   
-0.245108    -0.369905    -3.84266   
-0.242172    -0.498369    -3.98332   
-0.239237    -0.627316    -4.12395   
-0.236301    -0.756679    -4.26451   
-0.233366    -0.886394    -4.40496   
-0.230431    -1.0164    -4.54525   
-0.227495    -1.14663    -4.68533   
-0.22456    -1.27702    -4.82517   
-0.221624    -1.40751    -4.96472   
-0.218689    -1.53804    -5.10394   
-0.215753    -1.66856    -5.24278   
-0.212818    -1.79899    -5.3812   
-0.209883    -1.92929    -5.51916   
-0.206947    -2.05939    -5.65662   
-0.204012    -2.18923    -5.79354   
-0.201076    -2.31877    -5.92986   
-0.198141    -2.44794    -6.06556   
-0.195205    -2.5767    -6.20059   
-0.19227    -2.70498    -6.3349   
-0.189335    -2.83273    -6.46846   
-0.186399    -2.9599    -6.60122   
-0.183464    -3.08644    -6.73315   
-0.180528    -3.21231    -6.8642   
-0.177593    -3.33743    -6.99434   
-0.174658    -3.46178    -7.12352   
-0.171722    -3.5853    -7.25171   
-0.168787    -3.70794    -7.37886   
-0.165851    -3.82966    -7.50494   
-0.162916    -3.9504    -7.6299   
-0.15998    -4.07013    -7.75372   
-0.157045    -4.1888    -7.87635   
-0.15411    -4.30637    -7.99775   
-0.151174    -4.42279    -8.11789   
-0.148239    -4.53802    -8.23674   
-0.145303    -4.65203    -8.35424   
-0.142368    -4.76476    -8.47038   
-0.139432    -4.87618    -8.58511   
-0.136497    -4.98625    -8.6984   
-0.133562    -5.09493    -8.81022   
-0.130626    -5.20219    -8.92052   
-0.127691    -5.30799    -9.02928   
-0.124755    -5.41229    -9.13647   
-0.12182    -5.51506    -9.24205   
-0.118885    -5.61625    -9.34599   
-0.115949    -5.71585    -9.44825   
-0.113014    -5.81382    -9.54881   
-0.110078    -5.91012    -9.64764   
-0.107143    -6.00472    -9.74471   
-0.104207    -6.09759    -9.83998   
-0.101272    -6.18871    -9.93343   
-0.0983366    -6.27803    -10.025   
-0.0954012    -6.36555    -10.1147   
-0.0924658    -6.45122    -10.2026   
-0.0895303    -6.53502    -10.2884   
-0.0865949    -6.61692    -10.3724   
-0.0836595    -6.6969    -10.4543   
-0.0807241    -6.77493    -10.5343   
-0.0777886    -6.851    -10.6122   
-0.0748532    -6.92507    -10.688   
-0.0719178    -6.99712    -10.7618   
-0.0689824    -7.06713    -10.8334   
-0.066047    -7.13508    -10.903   
-0.0631115    -7.20095    -10.9704   
-0.0601761    -7.26472    -11.0356   
-0.0572407    -7.32637    -11.0987   
-0.0543053    -7.38588    -11.1595   
-0.0513699    -7.44323    -11.2182   
-0.0484344    -7.49841    -11.2746   
-0.045499    -7.5514    -11.3287   
-0.0425636    -7.60219    -11.3806   
-0.0396282    -7.65075    -11.4302   
-0.0366928    -7.69707    -11.4774   
-0.0337573    -7.74115    -11.5224   
-0.0308219    -7.78296    -11.565   
-0.0278865    -7.8225    -11.6053   
-0.0249511    -7.85975    -11.6432   
-0.0220157    -7.8947    -11.6788   
-0.0190802    -7.92734    -11.712   
-0.0161448    -7.95766    -11.7428   
-0.0132094    -7.98566    -11.7712   
-0.010274    -8.01132    -11.7972   
-0.00733855    -8.03463    -11.8207   
-0.00440313    -8.05559    -11.8419   
-0.00146771    -8.07419    -11.8606   
0.00146771    -8.09043    -11.8769   
0.00440313    -8.1043    -11.8908   
0.00733855    -8.1158    -11.9022   
0.010274    -8.12491    -11.9112   
0.0132094    -8.13165    -11.9177   
0.0161448    -8.136    -11.9217   
0.0190802    -8.13796    -11.9234   
0.0220157    -8.13754    -11.9225   
0.0249511    -8.13473    -11.9192   
0.0278865    -8.12953    -11.9135   
0.0308219    -8.12194    -11.9053   
0.0337573    -8.11196    -11.8946   
0.0366928    -8.0996    -11.8815   
0.0396282    -8.08486    -11.866   
0.0425636    -8.06774    -11.848   
0.045499    -8.04825    -11.8276   
0.0484344    -8.02639    -11.8047   
0.0513699    -8.00216    -11.7795   
0.0543053    -7.97557    -11.7518   
0.0572407    -7.94663    -11.7217   
0.0601761    -7.91534    -11.6892   
0.0631115    -7.88172    -11.6543   
0.066047    -7.84577    -11.617   
0.0689824    -7.8075    -11.5773   
0.0719178    -7.76693    -11.5353   
0.0748532    -7.72405    -11.491   
0.0777886    -7.67889    -11.4443   
0.0807241    -7.63145    -11.3952   
0.0836595    -7.58176    -11.3439   
0.0865949    -7.52981    -11.2903   
0.0895303    -7.47563    -11.2344   
0.0924658    -7.41923    -11.1762   
0.0954012    -7.36063    -11.1157   
0.0983366    -7.29984    -11.0531   
0.101272    -7.23689    -10.9882   
0.104207    -7.17178    -10.9211   
0.107143    -7.10454    -10.8518   
0.110078    -7.03518    -10.7803   
0.113014    -6.96374    -10.7067   
0.115949    -6.89021    -10.631   
0.118885    -6.81464    -10.5532   
0.12182    -6.73704    -10.4733   
0.124755    -6.65744    -10.3913   
0.127691    -6.57585    -10.3073   
0.130626    -6.4923    -10.2213   
0.133562    -6.40683    -10.1333   
0.136497    -6.31944    -10.0433   
0.139432    -6.23018    -9.9513   
0.142368    -6.13907    -9.85743   
0.145303    -6.04613    -9.76165   
0.148239    -5.95141    -9.664   
0.151174    -5.85491    -9.5645   
0.15411    -5.75669    -9.46318   
0.157045    -5.65676    -9.36006   
0.15998    -5.55517    -9.25517   
0.162916    -5.45194    -9.14854   
0.165851    -5.3471    -9.04019   
0.168787    -5.2407    -8.93015   
0.171722    -5.13277    -8.81846   
0.174658    -5.02335    -8.70513   
0.177593    -4.91246    -8.59021   
0.180528    -4.80016    -8.47371   
0.183464    -4.68647    -8.35567   
0.186399    -4.57144    -8.23612   
0.189335    -4.45511    -8.11508   
0.19227    -4.33752    -7.99259   
0.195205    -4.21871    -7.86868   
0.198141    -4.09873    -7.74338   
0.201076    -3.97761    -7.61672   
0.204012    -3.8554    -7.48874   
0.206947    -3.73215    -7.35946   
0.209883    -3.60791    -7.22891   
0.212818    -3.48271    -7.09714   
0.215753    -3.3566    -6.96416   
0.218689    -3.22965    -6.83002   
0.221624    -3.10188    -6.69474   
0.22456    -2.97336    -6.55836   
0.227495    -2.84413    -6.42091   
0.230431    -2.71424    -6.28243   
0.233366    -2.58375    -6.14294   
0.236301    -2.45271    -6.00249   
0.239237    -2.32118    -5.8611   
0.242172    -2.18919    -5.71881   
0.245108    -2.05682    -5.57565   
0.248043    -1.92411    -5.43165   
0.250978    -1.79113    -5.28686   
0.253914    -1.65792    -5.14129   
0.256849    -1.52455    -4.995   
0.259785    -1.39107    -4.848   
0.26272    -1.25755    -4.70034   
0.265656    -1.12404    -4.55204   
0.268591    -0.990594    -4.40315   
0.271526    -0.857284    -4.25369   
0.274462    -0.724166    -4.1037   
0.277397    -0.591302    -3.95321   
0.280333    -0.458753    -3.80226   
0.283268    -0.326583    -3.65089   
0.286204    -0.194853    -3.49911   
0.289139    -0.0636282    -3.34697   
0.292074    0.067029    -3.19451   
0.29501    0.197054    -3.04175   
0.297945    0.326383    -2.88873   
0.300881    0.45495    -2.73548   
0.303816    0.582691    -2.58203   
0.306751    0.709541    -2.42842   
0.309687    0.835432    -2.27469   
0.312622    0.960301    -2.12085   
0.315558    1.08408    -1.96696   
0.318493    1.2067    -1.81303   
0.321429    1.32811    -1.65911   
0.324364    1.44822    -1.50522   
0.327299    1.56698    -1.35139   
0.330235    1.68432    -1.19767   
0.33317    1.80017    -1.04407   
0.336106    1.91447    -0.890644   
0.339041    2.02715    -0.737408   
0.341977    2.13814    -0.584399   
0.344912    2.24738    -0.431647   
0.347847    2.35481    -0.279185   
0.350783    2.46035    -0.127044   
0.353718    2.56395    0.0247454   
0.356654    2.66554    0.176152   
0.359589    2.76505    0.327144   
0.362524    2.86243    0.477692   
0.36546    2.95761    0.627764   
0.368395    3.05052    0.777331   
0.371331    3.14112    0.926361   
0.374266    3.22933    1.07482   
0.377202    3.31509    1.22269   
0.380137    3.39836    1.36993   
0.383072    3.47907    1.51651   
0.386008    3.55716    1.66241   
0.388943    3.63258    1.80758   
0.391879    3.70528    1.95201   
0.394814    3.77521    2.09567   
0.39775    3.8423    2.23851   
0.400685    3.90651    2.38052   
0.40362    3.9678    2.52167   
0.406556    4.02612    2.66191   
0.409491    4.08142    2.80124   
0.412427    4.13366    2.9396   
0.415362    4.1828    3.07698   
0.418297    4.22879    3.21334   
0.421233    4.27161    3.34866   
0.424168    4.31122    3.4829   
0.427104    4.34758    3.61603   
0.430039    4.38067    3.74803   
0.432975    4.41045    3.87886   
0.43591    4.43691    4.00849   
0.438845    4.46002    4.13689   
0.441781    4.47976    4.26403   
0.444716    4.49612    4.38988   
0.447652    4.50908    4.5144   
0.450587    4.51864    4.63757   
0.453523    4.52478    4.75935   
0.456458    4.52751    4.8797   
0.459393    4.52683    4.9986   
0.462329    4.52274    5.11601   
0.465264    4.51524    5.2319   
0.4682    4.50436    5.34623   
0.471135    4.49011    5.45896   
0.47407    4.47251    5.57007   
0.477006    4.45159    5.67951   
0.479941    4.42737    5.78725   
0.482877    4.3999    5.89324   
0.485812    4.36921    5.99746   
0.488748    4.33534    6.09986   
0.491683    4.29836    6.2004   
0.494618    4.25832    6.29903   
0.497554    4.21527    6.39573   
0.500489    4.1693    6.49044   
0.503425    4.12046    6.58312   
0.50636    4.06884    6.67373   
0.509295    4.01453    6.76221   
0.512231    3.95763    6.84853   
0.515166    3.89822    6.93263   
0.518102    3.83643    7.01446   
0.521037    3.77235    7.09397   
0.523973    3.70613    7.17112   
0.526908    3.63787    7.24583   
0.529843    3.56773    7.31807   
0.532779    3.49585    7.38777   
0.535714    3.42238    7.45487   
0.53865    3.34748    7.51931   
0.541585    3.27133    7.58104   
0.544521    3.19411    7.63997   
0.547456    3.11599    7.69606   
0.550391    3.03719    7.74922   
0.553327    2.95792    7.7994   
0.556262    2.87838    7.84651   
0.559198    2.79882    7.89048   
0.562133    2.71946    7.93124   
0.565068    2.64056    7.9687   
0.568004    2.56239    8.00279   
0.570939    2.4852    8.03341   
0.573875    2.4093    8.06049   
0.57681    2.33496    8.08392   
0.579746    2.26251    8.10362   
0.582681    2.19226    8.11949   
0.585616    2.12455    8.13143   
0.588552    2.05972    8.13935   
0.591487    1.99814    8.14312   
0.594423    1.94017    8.14265   
0.597358    1.8862    8.13782   
0.600294    1.83665    8.12852   
0.603229    1.79192    8.11462   
0.606164    1.75244    8.096   
0.6091    1.71867    8.07254   
0.612035    1.69106    8.04411   
0.614971    1.6701    8.01056   
0.617906    1.65628    7.97176   
0.620841    1.65012    7.92756   
0.623777    1.65214    7.87781   
0.626712    1.66289    7.82237   
0.629648    1.68294    7.76107   
0.632583    1.71287    7.69375   
0.635519    1.75328    7.62025   
0.638454    1.80479    7.54038   
0.641389    1.86805    7.45397   
0.644325    1.94371    7.36083   
0.64726    2.03245    7.26078   
0.650196    2.13499    7.15363   
0.653131    2.25203    7.03916   
0.656067    2.38433    6.91717   
0.659002    2.53265    6.78745   
0.661937    2.69778    6.64977   
0.664873    2.88053    6.50392   
0.667808    3.08174    6.34965   
0.670744    3.30226    6.18674   
0.673679    3.54299    6.01492   
0.676614    3.80483    5.83395   
0.67955    4.08871    5.64357   
0.682485    4.39559    5.4435   
0.685421    4.72646    5.23347   
0.688356    5.08233    5.01319   
0.691292    5.46425    4.78238   
0.694227    5.87327    4.54072   
0.697162    6.3105    4.28792   
0.700098    6.77705    4.02365   
0.703033    7.2741    3.74758   
0.705969    7.80281    3.45939   
0.708904    8.36441    3.15872   
0.71184    8.96013    2.84521   
0.714775    9.59127    2.51852   
0.71771    10.2591    2.17825   
0.720646    10.965    1.82403   
0.723581    11.7104    1.45546   
0.726517    12.4966    1.07214   
0.729452    13.3251    0.673649   
0.732387    14.1974    0.259561   
0.735323    15.1149    -0.170561   
0.738258    16.0793    -0.617167   
0.741194    17.0922    -1.08072   
0.744129    18.155    -1.56169   
0.747065    19.2697    -2.06056   
0.75    20.4377    -2.57784   
