-0.75    -21.7788    -19.9828   
-0.747065    -21.8053    -20.1925   
-0.744129    -21.7711    -20.3323   
-0.741194    -21.6794    -20.4054   
-0.738258    -21.5329    -20.4149   
-0.735323    -21.3345    -20.3641   
-0.732387    -21.0868    -20.256   
-0.729452    -20.7926    -20.0934   
-0.726517    -20.4542    -19.8794   
-0.723581    -20.0744    -19.6166   
-0.720646    -19.6554    -19.3078   
-0.71771    -19.1996    -18.9555   
-0.714775    -18.7093    -18.5624   
-0.71184    -18.1866    -18.1309   
-0.708904    -17.6338    -17.6633   
-0.705969    -17.0528    -17.162   
-0.703033    -16.4457    -16.6293   
-0.700098    -15.8144    -16.0672   
-0.697162    -15.1608    -15.478   
-0.694227    -14.4867    -14.8635   
-0.691292    -13.7938    -14.2259   
-0.688356    -13.0839    -13.567   
-0.685421    -12.3586    -12.8887   
-0.682485    -11.6195    -12.1926   
-0.67955    -10.8681    -11.4806   
-0.676614    -10.1058    -10.7543   
-0.673679    -9.3342    -10.0153   
-0.670744    -8.55457    -9.26509   
-0.667808    -7.76824    -8.50521   
-0.664873    -6.9765    -7.73709   
-0.661937    -6.18056    -6.96209   
-0.659002    -5.38161    -6.18155   
-0.656067    -4.58078    -5.39673   
-0.653131    -3.77917    -4.60886   
-0.650196    -2.97781    -3.81913   
-0.64726    -2.17772    -3.02865   
-0.644325    -1.37985    -2.23852   
-0.641389    -0.58513    -1.44977   
-0.638454    0.205562    -0.663393   
-0.635519    0.99138    0.119655   
-0.632583    1.77152    0.898464   
-0.629648    2.54521    1.67217   
-0.626712    3.31171    2.43993   
-0.623777    4.07033    3.20097   
-0.620841    4.8204    3.95453   
-0.617906    5.56129    4.69989   
-0.614971    6.2924    5.43637   
-0.612035    7.01316    6.16333   
-0.6091    7.72303    6.88016   
-0.606164    8.4215    7.58627   
-0.603229    9.1081    8.28113   
-0.600294    9.78237    8.96421   
-0.597358    10.4439    9.63503   
-0.594423    11.0922    10.2931   
-0.591487    11.7271    10.9381   
-0.588552    12.3481    11.5695   
-0.585616    12.9549    12.1871   
-0.582681    13.5471    12.7903   
-0.579746    14.1247    13.379   
-0.57681    14.6872    13.9528   
-0.573875    15.2345    14.5115   
-0.570939    15.7663    15.0548   
-0.568004    16.2824    15.5825   
-0.565068    16.7827    16.0943   
-0.562133    17.2671    16.5902   
-0.559198    17.7354    17.0699   
-0.556262    18.1874    17.5333   
-0.553327    18.6231    17.9803   
-0.550391    19.0424    18.4108   
-0.547456    19.4453    18.8246   
-0.544521    19.8316    19.2218   
-0.541585    20.2014    19.6022   
-0.53865    20.5546    19.9658   
-0.535714    20.8912    20.3127   
-0.532779    21.2113    20.6428   
-0.529843    21.5148    20.9561   
-0.526908    21.8019    21.2526   
-0.523973    22.0724    21.5324   
-0.521037    22.3265    21.7955   
-0.518102    22.5643    22.042   
-0.515166    22.7858    22.2719   
-0.512231    22.9912    22.4854   
-0.509295    23.1805    22.6826   
-0.50636    23.3537    22.8634   
-0.503425    23.5112    23.0282   
-0.500489    23.6529    23.1769   
-0.497554    23.779    23.3097   
-0.494618    23.8897    23.4267   
-0.491683    23.985    23.5282   
-0.488748    24.0652    23.6143   
-0.485812    24.1305    23.685   
-0.482877    24.1809    23.7407   
-0.479941    24.2166    23.7815   
-0.477006    24.2379    23.8075   
-0.47407    24.2449    23.819   
-0.471135    24.2378    23.8161   
-0.4682    24.2169    23.7991   
-0.465264    24.1822    23.7682   
-0.462329    24.1341    23.7235   
-0.459393    24.0727    23.6654   
-0.456458    23.9982    23.5939   
-0.453523    23.9108    23.5094   
-0.450587    23.8108    23.4121   
-0.447652    23.6984    23.3021   
-0.444716    23.5739    23.1798   
-0.441781    23.4373    23.0453   
-0.438845    23.289    22.8989   
-0.43591    23.1292    22.7409   
-0.432975    22.9581    22.5714   
-0.430039    22.776    22.3908   
-0.427104    22.5831    22.1992   
-0.424168    22.3796    21.9969   
-0.421233    22.1657    21.7842   
-0.418297    21.9418    21.5613   
-0.415362    21.708    21.3284   
-0.412427    21.4645    21.0858   
-0.409491    21.2117    20.8338   
-0.406556    20.9497    20.5726   
-0.40362    20.6788    20.3024   
-0.400685    20.3992    20.0235   
-0.39775    20.1111    19.7361   
-0.394814    19.8148    19.4405   
-0.391879    19.5106    19.1369   
-0.388943    19.1986    18.8255   
-0.386008    18.8792    18.5067   
-0.383072    18.5524    18.1807   
-0.380137    18.2186    17.8476   
-0.377202    17.8779    17.5077   
-0.374266    17.5307    17.1613   
-0.371331    17.1771    16.8086   
-0.368395    16.8174    16.4498   
-0.36546    16.4517    16.0852   
-0.362524    16.0804    15.7149   
-0.359589    15.7036    15.3393   
-0.356654    15.3215    14.9585   
-0.353718    14.9343    14.5727   
-0.350783    14.5423    14.1823   
-0.347847    14.1457    13.7873   
-0.344912    13.7447    13.388   
-0.341977    13.3395    12.9847   
-0.339041    12.9302    12.5775   
-0.336106    12.5171    12.1666   
-0.33317    12.1005    11.7523   
-0.330235    11.6804    11.3347   
-0.327299    11.257    10.914   
-0.324364    10.8307    10.4905   
-0.321429    10.4015    10.0642   
-0.318493    9.96963    9.63553   
-0.315558    9.53529    9.20453   
-0.312622    9.09865    8.7714   
-0.309687    8.65989    8.33633   
-0.306751    8.21917    7.8995   
-0.303816    7.77667    7.46108   
-0.300881    7.33257    7.02124   
-0.297945    6.88701    6.58015   
-0.29501    6.44017    6.13796   
-0.292074    5.99221    5.69485   
-0.289139    5.54328    5.25097   
-0.286204    5.09354    4.80648   
-0.283268    4.64313    4.36152   
-0.280333    4.19221    3.91625   
-0.277397    3.74091    3.4708   
-0.274462    3.28939    3.02533   
-0.271526    2.83778    2.57997   
-0.268591    2.38622    2.13486   
-0.265656    1.93484    1.69013   
-0.26272    1.48378    1.24591   
-0.259785    1.03315    0.802323   
-0.256849    0.583093    0.359499   
-0.253914    0.133723    -0.0824441   
-0.250978    -0.314838    -0.523387   
-0.248043    -0.762473    -0.963216   
-0.245108    -1.20907    -1.40182   
-0.242172    -1.65451    -1.83909   
-0.239237    -2.09869    -2.27491   
-0.236301    -2.5415    -2.70919   
-0.233366    -2.98284    -3.14183   
-0.230431    -3.4226    -3.57272   
-0.227495    -3.86069    -4.00177   
-0.22456    -4.29701    -4.42889   
-0.221624    -4.73147    -4.85399   
-0.218689    -5.16397    -5.27698   
-0.215753    -5.59443    -5.69777   
-0.212818    -6.02275    -6.11629   
-0.209883    -6.44886    -6.53245   
-0.206947    -6.87268    -6.94618   
-0.204012    -7.29411    -7.3574   
-0.201076    -7.71308    -7.76604   
-0.198141    -8.12953    -8.17203   
-0.195205    -8.54336    -8.57529   
-0.19227    -8.95452    -8.97577   
-0.189335    -9.36293    -9.3734   
-0.186399    -9.76853    -9.76811   
-0.183464    -10.1712    -10.1599   
-0.180528    -10.571    -10.5486   
-0.177593    -10.9678    -10.9342   
-0.174658    -11.3615    -11.3167   
-0.171722    -11.7521    -11.696   
-0.168787    -12.1394    -12.072   
-0.165851    -12.5236    -12.4448   
-0.162916    -12.9045    -12.8142   
-0.15998    -13.282    -13.1802   
-0.157045    -13.6561    -13.5428   
-0.15411    -14.0268    -13.9019   
-0.151174    -14.394    -14.2576   
-0.148239    -14.7577    -14.6096   
-0.145303    -15.1178    -14.9581   
-0.142368    -15.4742    -15.303   
-0.139432    -15.8271    -15.6442   
-0.136497    -16.1762    -15.9817   
-0.133562    -16.5215    -16.3154   
-0.130626    -16.8631    -16.6454   
-0.127691    -17.2009    -16.9716   
-0.124755    -17.5348    -17.294   
-0.12182    -17.8648    -17.6126   
-0.118885    -18.1909    -17.9273   
-0.115949    -18.5131    -18.238   
-0.113014    -18.8312    -18.5449   
-0.110078    -19.1454    -18.8477   
-0.107143    -19.4555    -19.1467   
-0.104207    -19.7615    -19.4416   
-0.101272    -20.0634    -19.7324   
-0.0983366    -20.3612    -20.0193   
-0.0954012    -20.6548    -20.302   
-0.0924658    -20.9442    -20.5807   
-0.0895303    -21.2294    -20.8552   
-0.0865949    -21.5104    -21.1257   
-0.0836595    -21.7871    -21.3919   
-0.0807241    -22.0596    -21.654   
-0.0777886    -22.3277    -21.912   
-0.0748532    -22.5915    -22.1657   
-0.0719178    -22.8509    -22.4152   
-0.0689824    -23.106    -22.6604   
-0.066047    -23.3567    -22.9014   
-0.0631115    -23.6029    -23.1381   
-0.0601761    -23.8447    -23.3705   
-0.0572407    -24.082    -23.5987   
-0.0543053    -24.3149    -23.8224   
-0.0513699    -24.5432    -24.0419   
-0.0484344    -24.7671    -24.257   
-0.045499    -24.9864    -24.4677   
-0.0425636    -25.2011    -24.674   
-0.0396282    -25.4113    -24.8759   
-0.0366928    -25.6168    -25.0734   
-0.0337573    -25.8177    -25.2664   
-0.0308219    -26.014    -25.455   
-0.0278865    -26.2057    -25.6391   
-0.0249511    -26.3927    -25.8188   
-0.0220157    -26.575    -25.9939   
-0.0190802    -26.7525    -26.1645   
-0.0161448    -26.9254    -26.3306   
-0.0132094    -27.0935    -26.4921   
-0.010274    -27.2569    -26.649   
-0.00733855    -27.4154    -26.8014   
-0.00440313    -27.5692    -26.9491   
-0.00146771    -27.7182    -27.0923   
0.00146771    -27.8623    -27.2308   
0.00440313    -28.0016    -27.3646   
0.00733855    -28.136    -27.4938   
0.010274    -28.2656    -27.6183   
0.0132094    -28.3902    -27.7381   
0.0161448    -28.51    -27.8531   
0.0190802    -28.6248    -27.9635   
0.0220157    -28.7346    -28.069   
0.0249511    -28.8395    -28.1698   
0.0278865    -28.9394    -28.2658   
0.0308219    -29.0343    -28.357   
0.0337573    -29.1242    -28.4434   
0.0366928    -29.2091    -28.5249   
0.0396282    -29.2889    -28.6015   
0.0425636    -29.3637    -28.6733   
0.045499    -29.4334    -28.7402   
0.0484344    -29.498    -28.8021   
0.0513699    -29.5575    -28.8591   
0.0543053    -29.6118    -28.9112   
0.0572407    -29.6611    -28.9583   
0.0601761    -29.7051    -29.0004   
0.0631115    -29.7441    -29.0375   
0.066047    -29.7778    -29.0696   
0.0689824    -29.8063    -29.0966   
0.0719178    -29.8297    -29.1186   
0.0748532    -29.8478    -29.1355   
0.0777886    -29.8607    -29.1473   
0.0807241    -29.8684    -29.1541   
0.0836595    -29.8708    -29.1556   
0.0865949    -29.8679    -29.1521   
0.0895303    -29.8598    -29.1434   
0.0924658    -29.8464    -29.1296   
0.0954012    -29.8277    -29.1105   
0.0983366    -29.8037    -29.0863   
0.101272    -29.7743    -29.0568   
0.104207    -29.7397    -29.0222   
0.107143    -29.6998    -28.9823   
0.110078    -29.6545    -28.9372   
0.113014    -29.6039    -28.8868   
0.115949    -29.5479    -28.8312   
0.118885    -29.4866    -28.7703   
0.12182    -29.42    -28.7041   
0.124755    -29.348    -28.6326   
0.127691    -29.2707    -28.5558   
0.130626    -29.188    -28.4738   
0.133562    -29.1    -28.3864   
0.136497    -29.0067    -28.2938   
0.139432    -28.908    -28.1958   
0.142368    -28.804    -28.0925   
0.145303    -28.6946    -27.9839   
0.148239    -28.58    -27.87   
0.151174    -28.46    -27.7509   
0.15411    -28.3347    -27.6264   
0.157045    -28.2042    -27.4966   
0.15998    -28.0684    -27.3615   
0.162916    -27.9273    -27.2212   
0.165851    -27.7809    -27.0755   
0.168787    -27.6294    -26.9247   
0.171722    -27.4726    -26.7686   
0.174658    -27.3107    -26.6072   
0.177593    -27.1436    -26.4407   
0.180528    -26.9713    -26.2689   
0.183464    -26.794    -26.092   
0.186399    -26.6115    -25.9099   
0.189335    -26.424    -25.7227   
0.19227    -26.2315    -25.5304   
0.195205    -26.0339    -25.333   
0.198141    -25.8314    -25.1306   
0.201076    -25.624    -24.9232   
0.204012    -25.4118    -24.7108   
0.206947    -25.1946    -24.4934   
0.209883    -24.9727    -24.2712   
0.212818    -24.746    -24.0441   
0.215753    -24.5147    -23.8122   
0.218689    -24.2787    -23.5755   
0.221624    -24.038    -23.3341   
0.22456    -23.7929    -23.088   
0.227495    -23.5432    -22.8373   
0.230431    -23.2892    -22.582   
0.233366    -23.0307    -22.3223   
0.236301    -22.768    -22.058   
0.239237    -22.501    -21.7895   
0.242172    -22.2299    -21.5166   
0.245108    -21.9547    -21.2394   
0.248043    -21.6755    -20.9581   
0.250978    -21.3923    -20.6727   
0.253914    -21.1053    -20.3833   
0.256849    -20.8145    -20.09   
0.259785    -20.52    -19.7928   
0.26272    -20.2219    -19.4918   
0.265656    -19.9203    -19.1872   
0.268591    -19.6153    -18.879   
0.271526    -19.307    -18.5673   
0.274462    -18.9955    -18.2522   
0.277397    -18.6808    -17.9338   
0.280333    -18.3631    -17.6123   
0.283268    -18.0426    -17.2876   
0.286204    -17.7192    -16.9601   
0.289139    -17.3932    -16.6296   
0.292074    -17.0646    -16.2965   
0.29501    -16.7335    -15.9607   
0.297945    -16.4002    -15.6225   
0.300881    -16.0646    -15.2819   
0.303816    -15.727    -14.9391   
0.306751    -15.3874    -14.5942   
0.309687    -15.0461    -14.2473   
0.312622    -14.703    -13.8986   
0.315558    -14.3585    -13.5483   
0.318493    -14.0125    -13.1964   
0.321429    -13.6654    -12.8431   
0.324364    -13.3171    -12.4886   
0.327299    -12.9679    -12.1331   
0.330235    -12.6179    -11.7766   
0.33317    -12.2673    -11.4194   
0.336106    -11.9162    -11.0616   
0.339041    -11.5648    -10.7033   
0.341977    -11.2132    -10.3448   
0.344912    -10.8617    -9.98625   
0.347847    -10.5103    -9.62778   
0.350783    -10.1593    -9.26957   
0.353718    -9.80889    -8.91181   
0.356654    -9.45913    -8.55469   
0.359589    -9.11027    -8.19839   
0.362524    -8.76247    -7.8431   
0.36546    -8.41591    -7.48901   
0.368395    -8.07079    -7.1363   
0.371331    -7.72729    -6.78518   
0.374266    -7.38559    -6.43585   
0.377202    -7.04589    -6.08849   
0.380137    -6.70838    -5.74331   
0.383072    -6.37325    -5.40052   
0.386008    -6.04069    -5.06031   
0.388943    -5.71091    -4.72289   
0.391879    -5.3841    -4.38848   
0.394814    -5.06045    -4.05727   
0.39775    -4.74017    -3.72947   
0.400685    -4.42346    -3.40531   
0.40362    -4.11051    -3.08498   
0.406556    -3.80154    -2.76871   
0.409491    -3.49674    -2.45669   
0.412427    -3.19631    -2.14916   
0.415362    -2.90046    -1.84631   
0.418297    -2.6094    -1.54836   
0.421233    -2.32331    -1.25554   
0.424168    -2.04242    -0.96804   
0.427104    -1.76691    -0.686085   
0.430039    -1.49699    -0.409884   
0.432975    -1.23286    -0.139648   
0.43591    -0.974723    0.124412   
0.438845    -0.722772    0.382089   
0.441781    -0.477206    0.633174   
0.444716    -0.238221    0.877463   
0.447652    -0.00600913    1.11475   
0.450587    0.219238    1.34484   
0.453523    0.437331    1.56753   
0.456458    0.648083    1.78262   
0.459393    0.851311    1.98993   
0.462329    1.04684    2.18925   
0.465264    1.23448    2.38042   
0.4682    1.41406    2.56324   
0.471135    1.58542    2.73753   
0.47407    1.74839    2.90313   
0.477006    1.90281    3.05987   
0.479941    2.04852    3.20758   
0.482877    2.18537    3.34611   
0.485812    2.31321    3.4753   
0.488748    2.43191    3.595   
0.491683    2.54132    3.70509   
0.494618    2.64132    3.80543   
0.497554    2.7318    3.89589   
0.500489    2.81262    3.97636   
0.503425    2.8837    4.04672   
0.50636    2.94492    4.10689   
0.509295    2.9962    4.15676   
0.512231    3.03746    4.19626   
0.515166    3.06862    4.22532   
0.518102    3.08961    4.24386   
0.521037    3.10039    4.25186   
0.523973    3.10091    4.24926   
0.526908    3.09113    4.23603   
0.529843    3.07104    4.21217   
0.532779    3.04061    4.17767   
0.535714    2.99986    4.13254   
0.53865    2.9488    4.07681   
0.541585    2.88745    4.01051   
0.544521    2.81586    3.9337   
0.547456    2.73407    3.84646   
0.550391    2.64216    3.74886   
0.553327    2.54022    3.64101   
0.556262    2.42833    3.52302   
0.559198    2.30661    3.39505   
0.562133    2.17521    3.25723   
0.565068    2.03426    3.10976   
0.568004    1.88393    2.95282   
0.570939    1.72442    2.78663   
0.573875    1.55592    2.61142   
0.57681    1.37866    2.42746   
0.579746    1.19289    2.23503   
0.582681    0.998865    2.03443   
0.585616    0.79688    1.82599   
0.588552    0.587242    1.61006   
0.591487    0.370286    1.38702   
0.594423    0.146367    1.15729   
0.597358    -0.0841343    0.921282   
0.600294    -0.320811    0.679466   
0.603229    -0.563232    0.432331   
0.606164    -0.810938    0.180394   
0.6091    -1.06344    -0.0757948   
0.612035    -1.32024    -0.335656   
0.614971    -1.58077    -0.598577   
0.617906    -1.84447    -0.863912   
0.620841    -2.11075    -1.13098   
0.623777    -2.37895    -1.39907   
0.626712    -2.64842    -1.66743   
0.629648    -2.91846    -1.93528   
0.632583    -3.18833    -2.20178   
0.635519    -3.45727    -2.46608   
0.638454    -3.72446    -2.72727   
0.641389    -3.98908    -2.98441   
0.644325    -4.25024    -3.23651   
0.64726    -4.50702    -3.48255   
0.650196    -4.75847    -3.72144   
0.653131    -5.00359    -3.95209   
0.656067    -5.24135    -4.17331   
0.659002    -5.47065    -4.3839   
0.661937    -5.69039    -4.5826   
0.664873    -5.89939    -4.7681   
0.667808    -6.09643    -4.93904   
0.670744    -6.28025    -5.09402   
0.673679    -6.44956    -5.23155   
0.676614    -6.60298    -5.35014   
0.67955    -6.73911    -5.44819   
0.682485    -6.8565    -5.52408   
0.685421    -6.95362    -5.57612   
0.688356    -7.02893    -5.60256   
0.691292    -7.08079    -5.60159   
0.694227    -7.10754    -5.57133   
0.697162    -7.10744    -5.50985   
0.700098    -7.07871    -5.41514   
0.703033    -7.01948    -5.28515   
0.705969    -6.92786    -5.11773   
0.708904    -6.80187    -4.91068   
0.71184    -6.63947    -4.66172   
0.714775    -6.43856    -4.3685   
0.71771    -6.19697    -4.0286   
0.720646    -5.91248    -3.63953   
0.723581    -5.58277    -3.19871   
0.726517    -5.20548    -2.70349   
0.729452    -4.77815    -2.15113   
0.732387    -4.29826    -1.53882   
0.735323    -3.76323    -0.863657   
0.738258    -3.17038    -0.122666   
0.741194    -2.51697    0.687227   
0.744129    -1.80016    1.56918   
0.747065    -1.01705    2.52644   
0.75    -0.164647    3.56235   
