-0.75    8.06358    11.354   
-0.747065    7.66325    10.8291   
-0.744129    7.29045    10.3386   
-0.741194    6.94368    9.8806   
-0.738258    6.62147    9.45338   
-0.735323    6.32241    9.05526   
-0.732387    6.04514    8.68461   
-0.729452    5.78834    8.33986   
-0.726517    5.55076    8.01949   
-0.723581    5.33117    7.72205   
-0.720646    5.1284    7.44613   
-0.71771    4.94133    7.19038   
-0.714775    4.76887    6.95348   
-0.71184    4.60997    6.7342   
-0.708904    4.46365    6.53132   
-0.705969    4.32893    6.34369   
-0.703033    4.20491    6.1702   
-0.700098    4.09069    6.00978   
-0.697162    3.98544    5.86141   
-0.694227    3.88834    5.72411   
-0.691292    3.79863    5.59694   
-0.688356    3.71557    5.47902   
-0.685421    3.63845    5.36947   
-0.682485    3.56661    5.26748   
-0.67955    3.4994    5.17228   
-0.676614    3.43622    5.08312   
-0.673679    3.3765    4.99929   
-0.670744    3.31968    4.92012   
-0.667808    3.26525    4.84497   
-0.664873    3.21271    4.77323   
-0.661937    3.16161    4.70433   
-0.659002    3.11151    4.63772   
-0.656067    3.06199    4.5729   
-0.653131    3.01267    4.50936   
-0.650196    2.96318    4.44667   
-0.64726    2.91319    4.38439   
-0.644325    2.86238    4.32212   
-0.641389    2.81045    4.25949   
-0.638454    2.75713    4.19613   
-0.635519    2.70217    4.13174   
-0.632583    2.64533    4.06599   
-0.629648    2.5864    3.99862   
-0.626712    2.52518    3.92937   
-0.623777    2.4615    3.85799   
-0.620841    2.3952    3.78428   
-0.617906    2.32613    3.70803   
-0.614971    2.25417    3.62907   
-0.612035    2.1792    3.54724   
-0.6091    2.10112    3.4624   
-0.606164    2.01986    3.37442   
-0.603229    1.93535    3.28321   
-0.600294    1.84753    3.18866   
-0.597358    1.75636    3.0907   
-0.594423    1.6618    2.98927   
-0.591487    1.56385    2.88433   
-0.588552    1.46249    2.77584   
-0.585616    1.35772    2.66377   
-0.582681    1.24957    2.54813   
-0.579746    1.13806    2.42892   
-0.57681    1.02322    2.30615   
-0.573875    0.905084    2.17985   
-0.570939    0.783716    2.05005   
-0.568004    0.659171    1.91681   
-0.565068    0.531515    1.78017   
-0.562133    0.400824    1.6402   
-0.559198    0.267179    1.49699   
-0.556262    0.130666    1.3506   
-0.553327    -0.00861885    1.20112   
-0.550391    -0.150577    1.04866   
-0.547456    -0.295103    0.893318   
-0.544521    -0.442088    0.735198   
-0.541585    -0.591415    0.574418   
-0.53865    -0.742965    0.411099   
-0.535714    -0.896616    0.245366   
-0.532779    -1.05224    0.0773503   
-0.529843    -1.20971    -0.0928141   
-0.526908    -1.36888    -0.264988   
-0.523973    -1.52963    -0.439028   
-0.521037    -1.69181    -0.614789   
-0.518102    -1.85528    -0.792122   
-0.515166    -2.0199    -0.970874   
-0.512231    -2.18552    -1.15089   
-0.509295    -2.352    -1.33202   
-0.50636    -2.51919    -1.5141   
-0.503425    -2.68694    -1.69696   
-0.500489    -2.8551    -1.88046   
-0.497554    -3.02351    -2.06443   
-0.494618    -3.19204    -2.2487   
-0.491683    -3.36052    -2.43311   
-0.488748    -3.52881    -2.6175   
-0.485812    -3.69675    -2.8017   
-0.482877    -3.86421    -2.98555   
-0.479941    -4.03102    -3.16889   
-0.477006    -4.19704    -3.35155   
-0.47407    -4.36212    -3.53338   
-0.471135    -4.52611    -3.71421   
-0.4682    -4.68888    -3.89388   
-0.465264    -4.85027    -4.07223   
-0.462329    -5.01014    -4.24911   
-0.459393    -5.16836    -4.42436   
-0.456458    -5.32479    -4.59784   
-0.453523    -5.47928    -4.76937   
-0.450587    -5.63171    -4.93883   
-0.447652    -5.78195    -5.10606   
-0.444716    -5.92986    -5.27092   
-0.441781    -6.07531    -5.43327   
-0.438845    -6.2182    -5.59296   
-0.43591    -6.35838    -5.74987   
-0.432975    -6.49574    -5.90385   
-0.430039    -6.63017    -6.05478   
-0.427104    -6.76156    -6.20254   
-0.424168    -6.88979    -6.34699   
-0.421233    -7.01476    -6.48802   
-0.418297    -7.13636    -6.62551   
-0.415362    -7.25449    -6.75936   
-0.412427    -7.36906    -6.88943   
-0.409491    -7.47998    -7.01565   
-0.406556    -7.58714    -7.13789   
-0.40362    -7.69047    -7.25606   
-0.400685    -7.78989    -7.37007   
-0.39775    -7.8853    -7.47982   
-0.394814    -7.97665    -7.58523   
-0.391879    -8.06385    -7.68622   
-0.388943    -8.14683    -7.7827   
-0.386008    -8.22553    -7.8746   
-0.383072    -8.2999    -7.96185   
-0.380137    -8.36986    -8.04439   
-0.377202    -8.43537    -8.12215   
-0.374266    -8.49638    -8.19506   
-0.371331    -8.55284    -8.26309   
-0.368395    -8.6047    -8.32617   
-0.36546    -8.65194    -8.38426   
-0.362524    -8.69451    -8.43732   
-0.359589    -8.73238    -8.48531   
-0.356654    -8.76552    -8.52819   
-0.353718    -8.79392    -8.56594   
-0.350783    -8.81754    -8.59854   
-0.347847    -8.83638    -8.62595   
-0.344912    -8.85041    -8.64816   
-0.341977    -8.85964    -8.66516   
-0.339041    -8.86405    -8.67694   
-0.336106    -8.86365    -8.68349   
-0.33317    -8.85843    -8.68482   
-0.330235    -8.84839    -8.68092   
-0.327299    -8.83356    -8.6718   
-0.324364    -8.81394    -8.65747   
-0.321429    -8.78954    -8.63795   
-0.318493    -8.76038    -8.61325   
-0.315558    -8.72649    -8.5834   
-0.312622    -8.6879    -8.54842   
-0.309687    -8.64462    -8.50833   
-0.306751    -8.59669    -8.46318   
-0.303816    -8.54415    -8.413   
-0.300881    -8.48704    -8.35783   
-0.297945    -8.4254    -8.2977   
-0.29501    -8.35926    -8.23268   
-0.292074    -8.28868    -8.1628   
-0.289139    -8.21371    -8.08812   
-0.286204    -8.1344    -8.0087   
-0.283268    -8.05081    -7.9246   
-0.280333    -7.96299    -7.83587   
-0.277397    -7.87101    -7.74259   
-0.274462    -7.77493    -7.64482   
-0.271526    -7.67481    -7.54263   
-0.268591    -7.57072    -7.43609   
-0.265656    -7.46275    -7.32529   
-0.26272    -7.35095    -7.21031   
-0.259785    -7.2354    -7.09121   
-0.256849    -7.11618    -6.9681   
-0.253914    -6.99338    -6.84104   
-0.250978    -6.86707    -6.71014   
-0.248043    -6.73733    -6.57549   
-0.245108    -6.60426    -6.43717   
-0.242172    -6.46794    -6.29528   
-0.239237    -6.32846    -6.14993   
-0.236301    -6.1859    -6.0012   
-0.233366    -6.04037    -5.8492   
-0.230431    -5.89196    -5.69404   
-0.227495    -5.74075    -5.53581   
-0.22456    -5.58686    -5.37462   
-0.221624    -5.43037    -5.21058   
-0.218689    -5.27139    -5.0438   
-0.215753    -5.11002    -4.87439   
-0.212818    -4.94635    -4.70246   
-0.209883    -4.7805    -4.52812   
-0.206947    -4.61256    -4.35148   
-0.204012    -4.44264    -4.17267   
-0.201076    -4.27084    -3.99178   
-0.198141    -4.09727    -3.80896   
-0.195205    -3.92204    -3.62429   
-0.19227    -3.74525    -3.43792   
-0.189335    -3.56702    -3.24994   
-0.186399    -3.38744    -3.06049   
-0.183464    -3.20662    -2.86968   
-0.180528    -3.02468    -2.67763   
-0.177593    -2.84173    -2.48446   
-0.174658    -2.65786    -2.29029   
-0.171722    -2.4732    -2.09523   
-0.168787    -2.28784    -1.89941   
-0.165851    -2.10191    -1.70295   
-0.162916    -1.9155    -1.50596   
-0.15998    -1.72872    -1.30857   
-0.157045    -1.54168    -1.1109   
-0.15411    -1.35449    -0.913049   
-0.151174    -1.16726    -0.715152   
-0.148239    -0.980089    -0.517321   
-0.145303    -0.793085    -0.319672   
-0.142368    -0.606353    -0.122321   
-0.139432    -0.419997    0.0746174   
-0.136497    -0.234121    0.271029   
-0.133562    -0.0488278    0.466801   
-0.130626    0.135782    0.661821   
-0.127691    0.319607    0.855979   
-0.124755    0.502548    1.04917   
-0.12182    0.684507    1.24127   
-0.118885    0.865387    1.43219   
-0.115949    1.04509    1.62181   
-0.113014    1.22352    1.81004   
-0.110078    1.40059    1.99677   
-0.107143    1.57621    2.18189   
-0.104207    1.75027    2.36531   
-0.101272    1.92271    2.54694   
-0.0983366    2.09342    2.72667   
-0.0954012    2.26232    2.9044   
-0.0924658    2.42933    3.08006   
-0.0895303    2.59436    3.25354   
-0.0865949    2.75734    3.42476   
-0.0836595    2.91818    3.59363   
-0.0807241    3.07682    3.76007   
-0.0777886    3.23316    3.92399   
-0.0748532    3.38715    4.08531   
-0.0719178    3.5387    4.24396   
-0.0689824    3.68776    4.39986   
-0.066047    3.83424    4.55293   
-0.0631115    3.9781    4.70311   
-0.0601761    4.11925    4.85032   
-0.0572407    4.25765    4.9945   
-0.0543053    4.39324    5.13558   
-0.0513699    4.52595    5.27351   
-0.0484344    4.65574    5.40821   
-0.045499    4.78255    5.53965   
-0.0425636    4.90633    5.66775   
-0.0396282    5.02704    5.79248   
-0.0366928    5.14463    5.91378   
-0.0337573    5.25905    6.0316   
-0.0308219    5.37027    6.14591   
-0.0278865    5.47825    6.25665   
-0.0249511    5.58296    6.3638   
-0.0220157    5.68436    6.46731   
-0.0190802    5.78241    6.56716   
-0.0161448    5.8771    6.66331   
-0.0132094    5.9684    6.75574   
-0.010274    6.05627    6.84442   
-0.00733855    6.14072    6.92933   
-0.00440313    6.2217    7.01045   
-0.00146771    6.29922    7.08777   
0.00146771    6.37325    7.16126   
0.00440313    6.44379    7.23093   
0.00733855    6.51082    7.29677   
0.010274    6.57434    7.35876   
0.0132094    6.63436    7.4169   
0.0161448    6.69086    7.47121   
0.0190802    6.74385    7.52167   
0.0220157    6.79333    7.5683   
0.0249511    6.83932    7.6111   
0.0278865    6.88182    7.65009   
0.0308219    6.92083    7.68528   
0.0337573    6.95639    7.71669   
0.0366928    6.98849    7.74434   
0.0396282    7.01717    7.76825   
0.0425636    7.04244    7.78845   
0.045499    7.06432    7.80495   
0.0484344    7.08285    7.81781   
0.0513699    7.09805    7.82703   
0.0543053    7.10995    7.83268   
0.0572407    7.11858    7.83477   
0.0601761    7.12399    7.83335   
0.0631115    7.1262    7.82847   
0.066047    7.12526    7.82016   
0.0689824    7.1212    7.80849   
0.0719178    7.11408    7.79349   
0.0748532    7.10394    7.77522   
0.0777886    7.09082    7.75374   
0.0807241    7.07478    7.7291   
0.0836595    7.05586    7.70136   
0.0865949    7.03413    7.67059   
0.0895303    7.00964    7.63684   
0.0924658    6.98244    7.60018   
0.0954012    6.95259    7.56069   
0.0983366    6.92016    7.51842   
0.101272    6.88521    7.47345   
0.104207    6.8478    7.42586   
0.107143    6.808    7.37572   
0.110078    6.76588    7.3231   
0.113014    6.7215    7.26809   
0.115949    6.67494    7.21076   
0.118885    6.62627    7.1512   
0.12182    6.57556    7.08949   
0.124755    6.52289    7.02571   
0.127691    6.46833    6.95995   
0.130626    6.41197    6.8923   
0.133562    6.35387    6.82284   
0.136497    6.29411    6.75167   
0.139432    6.23279    6.67888   
0.142368    6.16997    6.60456   
0.145303    6.10575    6.52879   
0.148239    6.0402    6.45168   
0.151174    5.97341    6.37332   
0.15411    5.90546    6.2938   
0.157045    5.83643    6.21322   
0.15998    5.76642    6.13168   
0.162916    5.69551    6.04927   
0.165851    5.62378    5.9661   
0.168787    5.55133    5.88225   
0.171722    5.47823    5.79782   
0.174658    5.40458    5.71292   
0.177593    5.33046    5.62765   
0.180528    5.25596    5.54209   
0.183464    5.18117    5.45636   
0.186399    5.10618    5.37054   
0.189335    5.03106    5.28473   
0.19227    4.95592    5.19904   
0.195205    4.88083    5.11356   
0.198141    4.80588    5.02839   
0.201076    4.73116    4.94362   
0.204012    4.65675    4.85935   
0.206947    4.58274    4.77568   
0.209883    4.50921    4.69269   
0.212818    4.43624    4.61048   
0.215753    4.36392    4.52915   
0.218689    4.29233    4.44878   
0.221624    4.22154    4.36947   
0.22456    4.15164    4.2913   
0.227495    4.0827    4.21436   
0.230431    4.01481    4.13874   
0.233366    3.94803    4.06453   
0.236301    3.88244    3.99179   
0.239237    3.81812    3.92063   
0.242172    3.75513    3.85111   
0.245108    3.69355    3.78331   
0.248043    3.63344    3.71732   
0.250978    3.57487    3.6532   
0.253914    3.5179    3.59102   
0.256849    3.4626    3.53086   
0.259785    3.40902    3.47279   
0.26272    3.35723    3.41687   
0.265656    3.30728    3.36315   
0.268591    3.25922    3.31171   
0.271526    3.21312    3.2626   
0.274462    3.16901    3.21588   
0.277397    3.12694    3.17159   
0.280333    3.08696    3.12979   
0.283268    3.04911    3.09053   
0.286204    3.01344    3.05385   
0.289139    2.97997    3.01978   
0.292074    2.94875    2.98838   
0.29501    2.9198    2.95967   
0.297945    2.89315    2.93369   
0.300881    2.86883    2.91046   
0.303816    2.84686    2.89   
0.306751    2.82727    2.87235   
0.309687    2.81006    2.85752   
0.312622    2.79525    2.84553   
0.315558    2.78286    2.83638   
0.318493    2.77289    2.83008   
0.321429    2.76534    2.82665   
0.324364    2.76022    2.82607   
0.327299    2.75752    2.82835   
0.330235    2.75723    2.83347   
0.33317    2.75936    2.84144   
0.336106    2.76388    2.85222   
0.339041    2.77077    2.86581   
0.341977    2.78003    2.88219   
0.344912    2.79162    2.90131   
0.347847    2.80552    2.92317   
0.350783    2.8217    2.94771   
0.353718    2.84012    2.97491   
0.356654    2.86074    3.00471   
0.359589    2.88353    3.03708   
0.362524    2.90844    3.07195   
0.36546    2.93541    3.10929   
0.368395    2.96441    3.14902   
0.371331    2.99536    3.19108   
0.374266    3.02821    3.23541   
0.377202    3.0629    3.28194   
0.380137    3.09935    3.33058   
0.383072    3.1375    3.38126   
0.386008    3.17728    3.4339   
0.388943    3.21859    3.4884   
0.391879    3.26136    3.54468   
0.394814    3.30551    3.60264   
0.39775    3.35094    3.66217   
0.400685    3.39755    3.72318   
0.40362    3.44526    3.78556   
0.406556    3.49396    3.84918   
0.409491    3.54355    3.91395   
0.412427    3.59391    3.97973   
0.415362    3.64494    4.04641   
0.418297    3.69652    4.11386   
0.421233    3.74854    4.18194   
0.424168    3.80086    4.25052   
0.427104    3.85337    4.31946   
0.430039    3.90595    4.38863   
0.432975    3.95844    4.45788   
0.43591    4.01074    4.52705   
0.438845    4.06268    4.596   
0.441781    4.11415    4.66458   
0.444716    4.16498    4.73262   
0.447652    4.21505    4.79997   
0.450587    4.26419    4.86646   
0.453523    4.31226    4.93194   
0.456458    4.35911    4.99622   
0.459393    4.40458    5.05914   
0.462329    4.44851    5.12054   
0.465264    4.49074    5.18022   
0.4682    4.53112    5.23803   
0.471135    4.56947    5.29377   
0.47407    4.60564    5.34728   
0.477006    4.63945    5.39837   
0.479941    4.67075    5.44685   
0.482877    4.69935    5.49255   
0.485812    4.7251    5.53528   
0.488748    4.74781    5.57486   
0.491683    4.76733    5.6111   
0.494618    4.78347    5.64382   
0.497554    4.79607    5.67283   
0.500489    4.80495    5.69795   
0.503425    4.80994    5.71899   
0.50636    4.81088    5.73577   
0.509295    4.80758    5.74811   
0.512231    4.79988    5.75583   
0.515166    4.7876    5.75875   
0.518102    4.77059    5.75668   
0.521037    4.74868    5.74946   
0.523973    4.72169    5.73691   
0.526908    4.68947    5.71886   
0.529843    4.65186    5.69515   
0.532779    4.6087    5.66561   
0.535714    4.55983    5.63007   
0.53865    4.5051    5.5884   
0.541585    4.44437    5.54042   
0.544521    4.37748    5.486   
0.547456    4.30431    5.42499   
0.550391    4.2247    5.35726   
0.553327    4.13854    5.28268   
0.556262    4.04569    5.20112   
0.559198    3.94603    5.11247   
0.562133    3.83946    5.01661   
0.565068    3.72585    4.91344   
0.568004    3.60511    4.80288   
0.570939    3.47713    4.68483   
0.573875    3.34185    4.55921   
0.57681    3.19916    4.42596   
0.579746    3.049    4.28502   
0.582681    2.89131    4.13634   
0.585616    2.72603    3.97988   
0.588552    2.55311    3.81563   
0.591487    2.37253    3.64356   
0.594423    2.18425    3.46368   
0.597358    1.98826    3.276   
0.600294    1.78455    3.08054   
0.603229    1.57314    2.87734   
0.606164    1.35405    2.66646   
0.6091    1.12731    2.44797   
0.612035    0.892964    2.22195   
0.614971    0.651078    1.98851   
0.617906    0.401726    1.74776   
0.620841    0.144999    1.49985   
0.623777    -0.118998    1.24493   
0.626712    -0.390142    0.983168   
0.629648    -0.668294    0.714769   
0.632583    -0.953299    0.439944   
0.635519    -1.24498    0.158932   
0.638454    -1.54315    -0.128009   
0.641389    -1.84759    -0.420596   
0.644325    -2.15807    -0.718526   
0.64726    -2.47434    -1.02147   
0.650196    -2.79613    -1.32907   
0.653131    -3.12313    -1.64094   
0.656067    -3.45504    -1.95669   
0.659002    -3.7915    -2.27587   
0.661937    -4.13217    -2.59802   
0.664873    -4.47663    -2.92265   
0.667808    -4.82448    -3.24923   
0.670744    -5.17528    -3.57722   
0.673679    -5.52856    -3.90603   
0.676614    -5.88381    -4.23503   
0.67955    -6.24052    -4.56358   
0.682485    -6.59813    -4.891   
0.685421    -6.95605    -5.21655   
0.688356    -7.31366    -5.53947   
0.691292    -7.67033    -5.85899   
0.694227    -8.02535    -6.17424   
0.697162    -8.37803    -6.48437   
0.700098    -8.7276    -6.78846   
0.703033    -9.07329    -7.08554   
0.705969    -9.41427    -7.37462   
0.708904    -9.74968    -7.65466   
0.71184    -10.0786    -7.92456   
0.714775    -10.4002    -8.18318   
0.71771    -10.7133    -8.42935   
0.720646    -11.017    -8.66183   
0.723581    -11.3103    -8.87934   
0.726517    -11.592    -9.08055   
0.729452    -11.861    -9.26407   
0.732387    -12.116    -9.42847   
0.735323    -12.3559    -9.57225   
0.738258    -12.5793    -9.69386   
0.741194    -12.785    -9.7917   
0.744129    -12.9714    -9.86409   
0.747065    -13.1372    -9.90933   
0.75    -13.2809    -9.92561   
